row_index,comment_id,comment_type,text,golden,models_missing_label,models_with_label,num_models_missing_label,num_models_with_label,Qwen3-235B-A22B_few_shot_prediction,Qwen3-235B-A22B_few_shot_has_1,Qwen3-32B_no_cot_prediction,Qwen3-32B_no_cot_has_1,gemma-3-27b-it_zero_shot_prediction,gemma-3-27b-it_zero_shot_has_1,Qwen3-32B_few_shot_prediction,Qwen3-32B_few_shot_has_1,Qwen3-32B_zero_shot_prediction,Qwen3-32B_zero_shot_has_1,gemma-3-27b-it_no_cot_prediction,gemma-3-27b-it_no_cot_has_1,Qwen3-235B-A22B_zero_shot_prediction,Qwen3-235B-A22B_zero_shot_has_1,gemma-3-27b-it_few_shot_prediction,gemma-3-27b-it_few_shot_has_1,Qwen3-235B-A22B_no_cot_prediction,Qwen3-235B-A22B_no_cot_has_1
0,reply_chengdu_1_61_1,reply,热烈欢迎咱叙北第一带盐人 北门可不差，论三环外，东西三环可不一定有北三环好，再等火北弄好，那就真起飞了,1,['gemma-3-27b-it_zero_shot'],"['Qwen3-235B-A22B_few_shot', 'Qwen3-32B_no_cot', 'Qwen3-32B_few_shot', 'Qwen3-32B_zero_shot', 'gemma-3-27b-it_no_cot', 'Qwen3-235B-A22B_zero_shot', 'gemma-3-27b-it_few_shot', 'Qwen3-235B-A22B_no_cot']",1,8,"认同逻辑1, 认同逻辑5",True,认同逻辑1,True,,False,认同逻辑1,True,"认同逻辑1, 认同逻辑5",True,认同逻辑1,True,"认同逻辑1, 认同逻辑5",True,认同逻辑1,True,认同逻辑1,True
3,reply_chengdu_2_2_11,reply,那我说都江堰话被笑的更多，我以前被介绍了个成都人，然后天天给我说他家以前二环以内的，说他家以前宽窄巷子的，各种装b，我就很厌恶,14,"['gemma-3-27b-it_zero_shot', 'Qwen3-32B_few_shot', 'gemma-3-27b-it_no_cot']","['Qwen3-235B-A22B_few_shot', 'Qwen3-32B_no_cot', 'Qwen3-32B_zero_shot', 'Qwen3-235B-A22B_zero_shot', 'gemma-3-27b-it_few_shot', 'Qwen3-235B-A22B_no_cot']",3,6,"认同逻辑1, 认同逻辑4",True,"认同逻辑4, 认同逻辑1",True,,False,"认同逻辑3, 认同逻辑4",False,"认同逻辑1, 认同逻辑4",True,认同逻辑4,False,"认同逻辑4, 认同逻辑1, 认同逻辑3",True,"认同逻辑1, 认同逻辑4",True,"认同逻辑1, 认同逻辑4",True
7,reply_chengdu_2_2_25,reply,哈哈哈 真的 确实 因为以前的周边的确实很弯 一说话就嫌弃 其实现在也一样 土著一听就晓得你不是成都的(一环内的)那个口音明显 但对外地人真的热情 问路啥都恨不得带别人走,14,"['Qwen3-32B_no_cot', 'Qwen3-32B_few_shot', 'Qwen3-32B_zero_shot', 'Qwen3-235B-A22B_no_cot']","['Qwen3-235B-A22B_few_shot', 'gemma-3-27b-it_zero_shot', 'gemma-3-27b-it_no_cot', 'Qwen3-235B-A22B_zero_shot', 'gemma-3-27b-it_few_shot']",4,5,"认同逻辑1, 认同逻辑4",True,认同逻辑4,False,"认同逻辑1, 认同逻辑4",True,认同逻辑4,False,认同逻辑4,False,"认同逻辑1, 认同逻辑4",True,"认同逻辑1, 认同逻辑3, 认同逻辑4",True,"认同逻辑4, 认同逻辑1",True,认同逻辑4,False
15,reply_chengdu_2_3_35,reply,我也不知道我算不算成都人，爸爸是成都人，爷爷奶奶也生活在成都，我户口在成都。但是妈妈是外地人，我爸妈都在我妈妈的城市工作。从小我跟着爸妈在我妈妈出生的城市生活，小时候放假回成都，和小朋友玩要被骂乡巴佬，所以导致我小时候不愿意回成都，一直到读研才回的成都，读完研就出国了，现在回成都快3年，不太会说成都话，听得懂，但愿意说四川话，总被同事说我说的四川话有口音，我也一直对成都没有认同感。,134,"['Qwen3-235B-A22B_few_shot', 'Qwen3-32B_no_cot', 'gemma-3-27b-it_zero_shot', 'Qwen3-32B_zero_shot', 'gemma-3-27b-it_no_cot', 'Qwen3-235B-A22B_zero_shot', 'Qwen3-235B-A22B_no_cot']","['Qwen3-32B_few_shot', 'gemma-3-27b-it_few_shot']",7,2,"认同逻辑2, 认同逻辑3, 认同逻辑4",False,"认同逻辑3, 认同逻辑2, 认同逻辑4",False,"认同逻辑3, 认同逻辑4",False,"认同逻辑1, 认同逻辑3, 认同逻辑4",True,"认同逻辑3, 认同逻辑2, 认同逻辑4",False,"认同逻辑3, 认同逻辑4",False,"认同逻辑2, 认同逻辑3, 认同逻辑4",False,"认同逻辑3, 认同逻辑4, 认同逻辑1",True,"认同逻辑3, 认同逻辑2, 认同逻辑4",False
22,reply_chengdu_2_25_1,reply,我崇州的嘛 我们身边的人被问到是哪里的 都直接说崇州 不会说是成都的从小到大耳濡目染的就是成都人都觉得三环以外的不算成都的,1,['gemma-3-27b-it_zero_shot'],"['Qwen3-235B-A22B_few_shot', 'Qwen3-32B_no_cot', 'Qwen3-32B_few_shot', 'Qwen3-32B_zero_shot', 'gemma-3-27b-it_no_cot', 'Qwen3-235B-A22B_zero_shot', 'gemma-3-27b-it_few_shot', 'Qwen3-235B-A22B_no_cot']",1,8,认同逻辑1,True,认同逻辑1,True,,False,认同逻辑1,True,"认同逻辑2, 认同逻辑1",True,"认同逻辑1, 认同逻辑2",True,认同逻辑1,True,认同逻辑1,True,认同逻辑1,True
27,comment_chengdu_2_62,comment,我同学说二环外的都是农民,17,"['Qwen3-32B_zero_shot', 'gemma-3-27b-it_no_cot', 'Qwen3-235B-A22B_zero_shot']","['Qwen3-235B-A22B_few_shot', 'Qwen3-32B_no_cot', 'gemma-3-27b-it_zero_shot', 'Qwen3-32B_few_shot', 'gemma-3-27b-it_few_shot', 'Qwen3-235B-A22B_no_cot']",3,6,"认同逻辑7, 认同逻辑1",True,认同逻辑1,True,"认同逻辑1, 认同逻辑7",True,"认同逻辑7, 认同逻辑1",True,认同逻辑7,False,认同逻辑7,False,认同逻辑7,False,"认同逻辑7, 认同逻辑1",True,认同逻辑1,True
30,comment_chengdu_2_78,comment,成华区二环内土著 几十年了没觉得啥子,13,"['Qwen3-235B-A22B_few_shot', 'Qwen3-32B_few_shot', 'Qwen3-32B_zero_shot', 'gemma-3-27b-it_no_cot', 'Qwen3-235B-A22B_no_cot']","['Qwen3-32B_no_cot', 'gemma-3-27b-it_zero_shot', 'Qwen3-235B-A22B_zero_shot', 'gemma-3-27b-it_few_shot']",5,4,认同逻辑3,False,认同逻辑1,True,"认同逻辑1, 认同逻辑3",True,认同逻辑3,False,认同逻辑3,False,认同逻辑3,False,"认同逻辑1, 认同逻辑3",True,"认同逻辑3, 认同逻辑1",True,认同逻辑3,False
32,comment_chengdu_2_84,comment,三环外的弯脚杆咋个敢嫌弃哪个,17,"['gemma-3-27b-it_zero_shot', 'Qwen3-235B-A22B_zero_shot']","['Qwen3-235B-A22B_few_shot', 'Qwen3-32B_no_cot', 'Qwen3-32B_few_shot', 'Qwen3-32B_zero_shot', 'gemma-3-27b-it_no_cot', 'gemma-3-27b-it_few_shot', 'Qwen3-235B-A22B_no_cot']",2,7,"认同逻辑1, 认同逻辑4",True,认同逻辑1,True,,False,认同逻辑1,True,认同逻辑1,True,认同逻辑1,True,,False,认同逻辑1,True,认同逻辑1,True
38,comment_chengdu_2_124,comment,作为一环路穷土著我真没觉得我有优越感，但是遇到一部分四川其他地方的朋友就会暗戳戳地想象“她是不是有优越感”，我成都朋友在外面说个成都话，都会被不知情的人指责她学成都口音装成都人,14,"['Qwen3-235B-A22B_few_shot', 'gemma-3-27b-it_zero_shot', 'Qwen3-32B_few_shot', 'Qwen3-235B-A22B_no_cot']","['Qwen3-32B_no_cot', 'Qwen3-32B_zero_shot', 'gemma-3-27b-it_no_cot', 'Qwen3-235B-A22B_zero_shot', 'gemma-3-27b-it_few_shot']",4,5,"认同逻辑3, 认同逻辑4",False,"认同逻辑1, 认同逻辑4",True,认同逻辑4,False,"认同逻辑3, 认同逻辑4",False,"认同逻辑1, 认同逻辑3, 认同逻辑4",True,"认同逻辑1, 认同逻辑4",True,"认同逻辑1, 认同逻辑3, 认同逻辑4",True,"认同逻辑1, 认同逻辑4",True,认同逻辑4,False
40,comment_chengdu_2_135,comment,怎么说呢，我老家是成都郊区的，跟父母常年住在成都的，每次别人问我，我都说我是某郊区人别人都会说：成都人哦！感觉阴阳怪气的,1,['Qwen3-235B-A22B_no_cot'],"['Qwen3-235B-A22B_few_shot', 'Qwen3-32B_no_cot', 'gemma-3-27b-it_zero_shot', 'Qwen3-32B_few_shot', 'Qwen3-32B_zero_shot', 'gemma-3-27b-it_no_cot', 'Qwen3-235B-A22B_zero_shot', 'gemma-3-27b-it_few_shot']",1,8,认同逻辑1,True,认同逻辑1,True,认同逻辑1,True,认同逻辑1,True,"认同逻辑1, 认同逻辑2",True,认同逻辑1,True,认同逻辑1,True,认同逻辑1,True,认同逻辑3,False
42,comment_chengdu_2_137,comment,成都人都很和蔼都不会歧视外地人，反而是外地人比较歧视和排挤成都人吧，出去上班熟都不熟就开始问你，你们屋头有几套房？你们屋头有几套房你还出来上班啊？还半工半读那么努力？何必把你们平时生活中的不如意归结在成都本地人身上，作为一个正常人，这样的提问方式请问礼貌吗？而且外地的都很有钱，能够买的起房，给得起彩礼，我们成都的有几个买的起房给得起彩礼嘛我们哪里敢有优越感，我二环的，我们去春熙路一般都说进城,16,['gemma-3-27b-it_no_cot'],"['Qwen3-235B-A22B_few_shot', 'Qwen3-32B_no_cot', 'gemma-3-27b-it_zero_shot', 'Qwen3-32B_few_shot', 'Qwen3-32B_zero_shot', 'Qwen3-235B-A22B_zero_shot', 'gemma-3-27b-it_few_shot', 'Qwen3-235B-A22B_no_cot']",1,8,认同逻辑1,True,"认同逻辑1, 认同逻辑6",True,"认同逻辑1, 认同逻辑6",True,"认同逻辑1, 认同逻辑6",True,"认同逻辑1, 认同逻辑6",True,"认同逻辑6, 认同逻辑2",False,认同逻辑1,True,"认同逻辑6, 认同逻辑1",True,"认同逻辑1, 认同逻辑3, 认同逻辑4",True
45,comment_chengdu_2_148,comment,一般说弯脚杆都是因为他们先挑衅，攻击你家乡你也不乐意啊，说成都的面最难吃，成都二环内市区破烂，口音难听，做人假打...真的成都人才是每天被外地人歧视,147,['Qwen3-235B-A22B_no_cot'],"['Qwen3-235B-A22B_few_shot', 'Qwen3-32B_no_cot', 'gemma-3-27b-it_zero_shot', 'Qwen3-32B_few_shot', 'Qwen3-32B_zero_shot', 'gemma-3-27b-it_no_cot', 'Qwen3-235B-A22B_zero_shot', 'gemma-3-27b-it_few_shot']",1,8,"认同逻辑1, 认同逻辑3, 认同逻辑4",True,"认同逻辑1, 认同逻辑4",True,"认同逻辑1, 认同逻辑4, 认同逻辑6",True,"认同逻辑1, 认同逻辑4",True,"认同逻辑1, 认同逻辑4",True,"认同逻辑1, 认同逻辑4",True,"认同逻辑1, 认同逻辑4",True,"认同逻辑4, 认同逻辑1",True,认同逻辑4,False
57,comment_chengdu_2_189,comment,成都二环内土著，问就是没优越感，我也没什么社交圈子，有几个朋友，大多不是本地人，也没觉得啥,13,"['Qwen3-235B-A22B_few_shot', 'Qwen3-32B_few_shot', 'Qwen3-32B_zero_shot', 'gemma-3-27b-it_no_cot', 'Qwen3-235B-A22B_zero_shot', 'gemma-3-27b-it_few_shot', 'Qwen3-235B-A22B_no_cot']","['Qwen3-32B_no_cot', 'gemma-3-27b-it_zero_shot']",7,2,,False,认同逻辑1,True,认同逻辑1,True,认同逻辑3,False,认同逻辑3,False,认同逻辑3,False,,False,认同逻辑3,False,认同逻辑3,False
59,comment_chengdu_2_226,comment,没有什么优越感。土著，从长顺街出来的，从上班就开始羡慕当年周边的城乡结合部，有分红，有拆迁，有土地。到现在40+，就羡慕从农村来的，过年可以回乡下放火炮，杀猪，天然无污染环境。读以前的锦小时，很多同学都是军区后勤的家属，也羡慕啊，什么都有优待。反正，没有觉得土著有太多优越感，不过还是很怀念以前长顺上街，中街以及长发街附近的老邻居些。,16,"['Qwen3-235B-A22B_few_shot', 'Qwen3-32B_no_cot', 'Qwen3-32B_few_shot', 'gemma-3-27b-it_no_cot', 'Qwen3-235B-A22B_zero_shot', 'Qwen3-235B-A22B_no_cot']","['gemma-3-27b-it_zero_shot', 'Qwen3-32B_zero_shot', 'gemma-3-27b-it_few_shot']",6,3,认同逻辑6,False,"认同逻辑3, 认同逻辑6",False,"认同逻辑6, 认同逻辑1",True,认同逻辑6,False,"认同逻辑6, 认同逻辑1",True,"认同逻辑6, 认同逻辑3",False,"认同逻辑3, 认同逻辑5, 认同逻辑6",False,"认同逻辑6, 认同逻辑1",True,认同逻辑3,False
60,comment_chengdu_2_235,comment,我家反正是三环外城乡结合部，周边啥都有反正不进城里玩一般,1,['Qwen3-235B-A22B_few_shot'],"['Qwen3-32B_no_cot', 'gemma-3-27b-it_zero_shot', 'Qwen3-32B_few_shot', 'Qwen3-32B_zero_shot', 'gemma-3-27b-it_no_cot', 'Qwen3-235B-A22B_zero_shot', 'gemma-3-27b-it_few_shot', 'Qwen3-235B-A22B_no_cot']",1,8,认同逻辑5,False,认同逻辑1,True,"认同逻辑1, 认同逻辑5",True,认同逻辑1,True,认同逻辑1,True,认同逻辑1,True,"认同逻辑1, 认同逻辑5",True,认同逻辑1,True,"认同逻辑1, 认同逻辑5",True
79,reply_chengdu_3_7_15,reply,有每平方米一万以下的 一二环 老小区00年那种,16,"['Qwen3-235B-A22B_few_shot', 'Qwen3-32B_no_cot', 'gemma-3-27b-it_zero_shot', 'Qwen3-32B_few_shot', 'gemma-3-27b-it_no_cot', 'gemma-3-27b-it_few_shot', 'Qwen3-235B-A22B_no_cot']","['Qwen3-32B_zero_shot', 'Qwen3-235B-A22B_zero_shot']",7,2,,False,认同逻辑5,False,"认同逻辑3, 认同逻辑6",False,认同逻辑5,False,"认同逻辑1, 认同逻辑3",True,"认同逻辑5, 认同逻辑6",False,认同逻辑1,True,,False,认同逻辑5,False
80,reply_chengdu_3_7_18,reply,毕竟好多家庭 不见得可以拿出一两百万买一个环境好点 还在二环内的房子 毕竟我爸妈在成都工作这么久 基本都在一二环内 朋友也在附近 买到郊区肯定不现实 买一二环的房子改造是最好的方案了,16,"['Qwen3-235B-A22B_few_shot', 'Qwen3-32B_no_cot', 'gemma-3-27b-it_zero_shot', 'Qwen3-32B_few_shot', 'Qwen3-32B_zero_shot', 'gemma-3-27b-it_no_cot', 'gemma-3-27b-it_few_shot', 'Qwen3-235B-A22B_no_cot']",['Qwen3-235B-A22B_zero_shot'],8,1,"认同逻辑5, 认同逻辑6",False,认同逻辑6,False,认同逻辑6,False,"认同逻辑5, 认同逻辑6",False,"认同逻辑5, 认同逻辑6",False,认同逻辑6,False,"认同逻辑1, 认同逻辑6",True,"认同逻辑6, 认同逻辑5",False,"认同逻辑3, 认同逻辑6",False
92,comment_harbin1_1_104,comment,一个哈尔滨还分起来是不是正不正宗的哈尔滨人了市里的房价也没比我周边县城贵多少什么时候贫富差距大到北上广那样再来分吧,16,"['Qwen3-32B_no_cot', 'Qwen3-32B_few_shot', 'Qwen3-32B_zero_shot', 'Qwen3-235B-A22B_zero_shot', 'gemma-3-27b-it_few_shot', 'Qwen3-235B-A22B_no_cot']","['Qwen3-235B-A22B_few_shot', 'gemma-3-27b-it_zero_shot', 'gemma-3-27b-it_no_cot']",6,3,认同逻辑1,True,认同逻辑5,False,"认同逻辑1, 认同逻辑6",True,,False,"认同逻辑5, 认同逻辑6",False,"认同逻辑1, 认同逻辑2",True,,False,认同逻辑6,False,认同逻辑5,False
96,reply_hefei1_1_1_2,reply,这个范围内的才叫本地人。。。我爷爷辈是肥东的当初来市区还要花钱买合肥户口才行。我出生时在省立医院步行街那个。那时候合肥人口才一百来万。我上学是工大附中。合肥工业大学就在现在南一环那。大学墙外就是农村田地，我们小时候爬墙过去炸菜地，趴祖坟。就那时候我们还被人说是郊区的。所以你觉得真的老合肥有多少人,13,['gemma-3-27b-it_zero_shot'],"['Qwen3-235B-A22B_few_shot', 'Qwen3-32B_no_cot', 'Qwen3-32B_few_shot', 'Qwen3-32B_zero_shot', 'gemma-3-27b-it_no_cot', 'Qwen3-235B-A22B_zero_shot', 'gemma-3-27b-it_few_shot', 'Qwen3-235B-A22B_no_cot']",1,8,"认同逻辑1, 认同逻辑2, 认同逻辑3",True,"认同逻辑1, 认同逻辑3, 认同逻辑4",True,"认同逻辑2, 认同逻辑3",False,"认同逻辑1, 认同逻辑2, 认同逻辑3, 认同逻辑6",True,"认同逻辑3, 认同逻辑2, 认同逻辑1",True,"认同逻辑1, 认同逻辑2, 认同逻辑3",True,"认同逻辑1, 认同逻辑2, 认同逻辑3",True,"认同逻辑2, 认同逻辑3, 认同逻辑1",True,"认同逻辑1, 认同逻辑3, 认同逻辑2",True
117,reply_hefei2_1_5_25,reply,合肥土著告诉你，政务区只是从经济上划分的独立区域，行政上依然是属于蜀山区。往大了说就像深圳和国家的关系一样，深圳是经济特区的同时，它也是国家的城市区域，但它代表不了国家（ps：包括大部分合肥本地人提到天鹅湖都是说蜀山区天鹅湖）,12,"['Qwen3-235B-A22B_few_shot', 'Qwen3-32B_few_shot', 'gemma-3-27b-it_no_cot', 'Qwen3-235B-A22B_zero_shot', 'gemma-3-27b-it_few_shot']","['Qwen3-32B_no_cot', 'gemma-3-27b-it_zero_shot', 'Qwen3-32B_zero_shot', 'Qwen3-235B-A22B_no_cot']",5,4,认同逻辑2,False,"认同逻辑1, 认同逻辑2",True,"认同逻辑1, 认同逻辑2",True,认同逻辑2,False,"认同逻辑2, 认同逻辑1",True,认同逻辑2,False,认同逻辑2,False,认同逻辑2,False,"认同逻辑1, 认同逻辑2",True
153,comment_jinan_1_2,comment,我小时候从济钢到市区叫做“去济南”。……而且还要坐火车去“济南”，那时济钢桥头有个374车站，编号是距离青岛站374公里的意思，后面改叫韩仓站，现在废弃了。后来有了8路、10路公交车……现在公交、地铁一应俱全，不过不超过CBD（原二钢）还是电瓶车最方便,1,['gemma-3-27b-it_zero_shot'],"['Qwen3-235B-A22B_few_shot', 'Qwen3-32B_no_cot', 'Qwen3-32B_few_shot', 'Qwen3-32B_zero_shot', 'gemma-3-27b-it_no_cot', 'Qwen3-235B-A22B_zero_shot', 'gemma-3-27b-it_few_shot', 'Qwen3-235B-A22B_no_cot']",1,8,认同逻辑1,True,认同逻辑1,True,,False,认同逻辑1,True,"认同逻辑1, 认同逻辑5",True,认同逻辑1,True,"认同逻辑1, 认同逻辑5",True,认同逻辑1,True,"认同逻辑3, 认同逻辑1, 认同逻辑5",True
155,reply_jinan_1_2_17,reply,坐标槐荫……86年……小时候我们在机务段做火车去市里……,1,"['Qwen3-235B-A22B_few_shot', 'Qwen3-32B_no_cot', 'gemma-3-27b-it_no_cot', 'Qwen3-235B-A22B_zero_shot', 'Qwen3-235B-A22B_no_cot']","['gemma-3-27b-it_zero_shot', 'Qwen3-32B_few_shot', 'Qwen3-32B_zero_shot', 'gemma-3-27b-it_few_shot']",5,4,认同逻辑3,False,认同逻辑3,False,"认同逻辑1, 认同逻辑3",True,认同逻辑1,True,"认同逻辑1, 认同逻辑3",True,认同逻辑3,False,,False,认同逻辑1,True,认同逻辑3,False
158,reply_jinan_1_5_6,reply,我06的，家在市中区，现在往泉城路还习惯说是去市里,1,['Qwen3-32B_zero_shot'],"['Qwen3-235B-A22B_few_shot', 'Qwen3-32B_no_cot', 'gemma-3-27b-it_zero_shot', 'Qwen3-32B_few_shot', 'gemma-3-27b-it_no_cot', 'Qwen3-235B-A22B_zero_shot', 'gemma-3-27b-it_few_shot', 'Qwen3-235B-A22B_no_cot']",1,8,"认同逻辑3, 认同逻辑1",True,认同逻辑1,True,"认同逻辑1, 认同逻辑4",True,认同逻辑1,True,,False,认同逻辑1,True,"认同逻辑1, 认同逻辑3",True,认同逻辑1,True,"认同逻辑1, 认同逻辑3",True
160,reply_jinan_1_6_21,reply,所以并不是所有的老济南人都认准那一块，你要搞清楚，就天桥槐荫那块小时候呆了20年，等有钱买房了第一时间搬到领秀城附近，这才是老济南的缩影,1,"['gemma-3-27b-it_zero_shot', 'Qwen3-32B_few_shot', 'gemma-3-27b-it_few_shot']","['Qwen3-235B-A22B_few_shot', 'Qwen3-32B_no_cot', 'Qwen3-32B_zero_shot', 'gemma-3-27b-it_no_cot', 'Qwen3-235B-A22B_zero_shot', 'Qwen3-235B-A22B_no_cot']",3,6,"认同逻辑1, 认同逻辑5",True,"认同逻辑1, 认同逻辑6",True,"认同逻辑3, 认同逻辑6",False,"认同逻辑3, 认同逻辑5, 认同逻辑6",False,"认同逻辑1, 认同逻辑3, 认同逻辑5",True,"认同逻辑1, 认同逻辑6",True,"认同逻辑1, 认同逻辑5",True,认同逻辑5,False,"认同逻辑3, 认同逻辑1",True
163,comment_jinan_1_82,comment,我爷爷说护城河以里是济南，我姑姑嫁去全福都觉得是『闺女嫁外头去了』…80后（我）觉得市区还是二环里，下班回家觉得过来二环东才算进市区…当然了，东部发展的比其他地方都快，是二环南二环北二环西都比不上的，但内心还是觉得，那是『二环外』,1,['gemma-3-27b-it_zero_shot'],"['Qwen3-235B-A22B_few_shot', 'Qwen3-32B_no_cot', 'Qwen3-32B_few_shot', 'Qwen3-32B_zero_shot', 'gemma-3-27b-it_no_cot', 'Qwen3-235B-A22B_zero_shot', 'gemma-3-27b-it_few_shot', 'Qwen3-235B-A22B_no_cot']",1,8,认同逻辑1,True,认同逻辑1,True,,False,认同逻辑1,True,认同逻辑1,True,"认同逻辑1, 认同逻辑3",True,认同逻辑1,True,认同逻辑1,True,认同逻辑1,True
166,comment_jinan_1_104,comment,呃，有没有想过被划进来的也不喜欢济南啊，纯纯被济南吸血光靠济南市区早就让烟台超了,12,"['Qwen3-235B-A22B_few_shot', 'gemma-3-27b-it_zero_shot', 'Qwen3-32B_few_shot', 'Qwen3-32B_zero_shot', 'Qwen3-235B-A22B_zero_shot', 'gemma-3-27b-it_few_shot', 'Qwen3-235B-A22B_no_cot']","['Qwen3-32B_no_cot', 'gemma-3-27b-it_no_cot']",7,2,认同逻辑5,False,认同逻辑1,True,认同逻辑6,False,认同逻辑2,False,认同逻辑2,False,"认同逻辑1, 认同逻辑6",True,"认同逻辑2, 认同逻辑5",False,认同逻辑2,False,认同逻辑2,False
170,comment_jinan_1_159,comment,最近又出了双层公交车，线路好像就是走历城区那块，我一个室友就是历程的，她拍了视频给我们特意强调这是她们那边的双层公交车，我很不能理解，双层公交我记得小时候经常坐，都不觉得是多么稀罕的东西了，然后双层公交没了几年，现在又出来了，她给我们几个小时候就经常坐的同学显摆，我们都不好意思说我们之前就坐过,1,['Qwen3-235B-A22B_no_cot'],"['Qwen3-235B-A22B_few_shot', 'Qwen3-32B_no_cot', 'gemma-3-27b-it_zero_shot', 'Qwen3-32B_few_shot', 'Qwen3-32B_zero_shot', 'gemma-3-27b-it_no_cot', 'Qwen3-235B-A22B_zero_shot', 'gemma-3-27b-it_few_shot']",1,8,"认同逻辑1, 认同逻辑3",True,认同逻辑1,True,"认同逻辑1, 认同逻辑3, 认同逻辑6",True,认同逻辑1,True,"认同逻辑1, 认同逻辑3",True,"认同逻辑1, 认同逻辑3",True,"认同逻辑1, 认同逻辑5",True,认同逻辑1,True,认同逻辑3,False
173,reply_jinan_1_210_7,reply,很小的时候去济南，觉得历城就是郊区了，至于莱芜，我们本来就是刚合过去的，大多数的莱芜人在归属感上还是认同自己是莱芜人，个人观点不喜勿喷,1,['Qwen3-32B_no_cot'],"['Qwen3-235B-A22B_few_shot', 'gemma-3-27b-it_zero_shot', 'Qwen3-32B_few_shot', 'Qwen3-32B_zero_shot', 'gemma-3-27b-it_no_cot', 'Qwen3-235B-A22B_zero_shot', 'gemma-3-27b-it_few_shot', 'Qwen3-235B-A22B_no_cot']",1,8,"认同逻辑1, 认同逻辑2",True,认同逻辑2,False,"认同逻辑1, 认同逻辑3",True,"认同逻辑1, 认同逻辑2",True,"认同逻辑1, 认同逻辑2",True,"认同逻辑1, 认同逻辑2",True,"认同逻辑1, 认同逻辑2, 认同逻辑3",True,"认同逻辑1, 认同逻辑2",True,"认同逻辑1, 认同逻辑2",True
179,reply_nanchang_2_1_5_1,reply,哈哈哈 我也是家里三代都在市区 对老南昌人来说市中心就是八一广场附近的商圈 我小时候念的育新嘛 就很夸张 说三十四年以前 二七北路都是郊区,13,['gemma-3-27b-it_zero_shot'],"['Qwen3-235B-A22B_few_shot', 'Qwen3-32B_no_cot', 'Qwen3-32B_few_shot', 'Qwen3-32B_zero_shot', 'gemma-3-27b-it_no_cot', 'Qwen3-235B-A22B_zero_shot', 'gemma-3-27b-it_few_shot', 'Qwen3-235B-A22B_no_cot']",1,8,"认同逻辑1, 认同逻辑3",True,"认同逻辑1, 认同逻辑3",True,,False,"认同逻辑1, 认同逻辑3",True,"认同逻辑1, 认同逻辑3",True,"认同逻辑3, 认同逻辑1",True,"认同逻辑1, 认同逻辑3",True,"认同逻辑3, 认同逻辑1",True,"认同逻辑1, 认同逻辑3",True
188,comment_nanchang_2_1_133,comment,原来省政府在八一广场那，八一广场一带就是市中心，中山路、步行街，大点范围可以说市中心是东湖西湖区。小时候逛街都是去八一广场、中上路、万寿宫、步行街。后来，孟建柱到了江西，用上海模式建立了一江两岸，发展了红谷滩，市政府迁了过去，政治中心的转移，也使得红谷滩发展越来越好，包括后来发展的新建县。我还记得小时候和妈妈去昌北，那时候还得坐小巴车、车上也脏，真的就是去了农村。后来红谷滩开始发展的时候，我去新建二中读书，我依然还记得那时候上一周学回来，脚上全是泥，我爸开玩笑说我是耕田回来的。没有贬义的意思啊！现在红谷滩和新建区都发展的很好，我也很喜欢我的母校。就是突然看到这个话题，想起来小时候。,1,['gemma-3-27b-it_zero_shot'],"['Qwen3-235B-A22B_few_shot', 'Qwen3-32B_no_cot', 'Qwen3-32B_few_shot', 'Qwen3-32B_zero_shot', 'gemma-3-27b-it_no_cot', 'Qwen3-235B-A22B_zero_shot', 'gemma-3-27b-it_few_shot', 'Qwen3-235B-A22B_no_cot']",1,8,"认同逻辑1, 认同逻辑2",True,"认同逻辑1, 认同逻辑2",True,,False,"认同逻辑1, 认同逻辑2",True,"认同逻辑1, 认同逻辑3",True,"认同逻辑1, 认同逻辑3",True,"认同逻辑1, 认同逻辑3, 认同逻辑5",True,"认同逻辑1, 认同逻辑5",True,"认同逻辑1, 认同逻辑3, 认同逻辑5",True
198,comment_qingdao_103,comment,我家闺女户口就是平度的，因为她爸爸是土生土长平度人，我是济南的，我们现在都在济南生活，我从小就教孩子说是济南人，老家平度的，千万别说是青岛的，她爸爸经常自称青岛人，被人家青岛人笑话,1,"['Qwen3-235B-A22B_few_shot', 'Qwen3-32B_no_cot', 'gemma-3-27b-it_zero_shot', 'Qwen3-32B_zero_shot', 'gemma-3-27b-it_no_cot', 'Qwen3-235B-A22B_no_cot']","['Qwen3-32B_few_shot', 'Qwen3-235B-A22B_zero_shot', 'gemma-3-27b-it_few_shot']",6,3,"认同逻辑3, 认同逻辑4",False,"认同逻辑2, 认同逻辑3",False,"认同逻辑3, 认同逻辑4",False,"认同逻辑3, 认同逻辑1",True,"认同逻辑2, 认同逻辑3",False,"认同逻辑3, 认同逻辑2",False,"认同逻辑2, 认同逻辑3, 认同逻辑1, 认同逻辑4",True,"认同逻辑2, 认同逻辑1",True,"认同逻辑2, 认同逻辑3, 认同逻辑4",False
206,reply_qingdao_1_33,reply,我见过一些平度人对我们潍坊归属感比青岛还强,1,"['Qwen3-32B_no_cot', 'gemma-3-27b-it_zero_shot', 'Qwen3-32B_few_shot', 'Qwen3-32B_zero_shot', 'Qwen3-235B-A22B_zero_shot', 'Qwen3-235B-A22B_no_cot']","['Qwen3-235B-A22B_few_shot', 'gemma-3-27b-it_no_cot', 'gemma-3-27b-it_few_shot']",6,3,认同逻辑1,True,认同逻辑2,False,认同逻辑3,False,认同逻辑2,False,认同逻辑2,False,认同逻辑1,True,认同逻辑3,False,认同逻辑1,True,认同逻辑3,False
212,comment_qingdao_10,comment,我市南土生土长的，上学的时候去了烟台，大学毕业回家后，嫁了胶州小伙子，因为孩子上学所以我们就住胶州了，我家市区有七八套房子，胶州城阳也都有房子。我爸妈现在住崂山，我每次回家邻居都会说我终于从村里进城了，有一次遇到问我一句你在胶州是不是住不上有暖气的房子…呵呵有啥好说的呢，嘴长在别人身上爱说啥说啥呗。,136,"['gemma-3-27b-it_zero_shot', 'Qwen3-32B_zero_shot', 'gemma-3-27b-it_no_cot', 'Qwen3-235B-A22B_no_cot']","['Qwen3-235B-A22B_few_shot', 'Qwen3-32B_no_cot', 'Qwen3-32B_few_shot', 'Qwen3-235B-A22B_zero_shot', 'gemma-3-27b-it_few_shot']",4,5,"认同逻辑1, 认同逻辑3, 认同逻辑5, 认同逻辑6",True,"认同逻辑1, 认同逻辑3, 认同逻辑6",True,,False,"认同逻辑3, 认同逻辑6, 认同逻辑1, 认同逻辑5",True,"认同逻辑3, 认同逻辑5, 认同逻辑6",False,"认同逻辑6, 认同逻辑2",False,"认同逻辑3, 认同逻辑6, 认同逻辑1, 认同逻辑5",True,"认同逻辑3, 认同逻辑1, 认同逻辑5, 认同逻辑6",True,"认同逻辑3, 认同逻辑5, 认同逻辑6",False
217,comment_qingdao_31,comment,大学两个舍友一个胶州的一个城阳的 俩人互相鄙视 城阳舍友说胶州不属于青岛（说胶州没划为区）胶州舍友说城阳啥啥都没有之后胶南即墨被划为区 胶州舍友气半死在宿舍说胶南穷为啥不把胶州划进区城阳舍友就特别希望找市南市北区男朋友 同级有个黄岛男生对她很好 俩人经常一起吃饭出去玩啥的 以为他俩能在一起但是城阳舍友嫌男生是黄岛的最后也不了了之了,125,['gemma-3-27b-it_zero_shot'],"['Qwen3-235B-A22B_few_shot', 'Qwen3-32B_no_cot', 'Qwen3-32B_few_shot', 'Qwen3-32B_zero_shot', 'gemma-3-27b-it_no_cot', 'Qwen3-235B-A22B_zero_shot', 'gemma-3-27b-it_few_shot', 'Qwen3-235B-A22B_no_cot']",1,8,"认同逻辑1, 认同逻辑2, 认同逻辑5",True,"认同逻辑2, 认同逻辑1",True,"认同逻辑2, 认同逻辑6",False,"认同逻辑1, 认同逻辑2",True,"认同逻辑1, 认同逻辑2",True,"认同逻辑1, 认同逻辑2",True,"认同逻辑1, 认同逻辑2, 认同逻辑6",True,"认同逻辑1, 认同逻辑2, 认同逻辑6",True,"认同逻辑2, 认同逻辑1",True
218,comment_qingdao_50,comment,我老公认识我的时候，说他是黄岛的，拒不承认跟青岛有任何关系～很长一段时间我单纯的以为黄岛是一个单独的地方，跟青岛没关～,1,['Qwen3-235B-A22B_no_cot'],"['Qwen3-235B-A22B_few_shot', 'Qwen3-32B_no_cot', 'gemma-3-27b-it_zero_shot', 'Qwen3-32B_few_shot', 'Qwen3-32B_zero_shot', 'gemma-3-27b-it_no_cot', 'Qwen3-235B-A22B_zero_shot', 'gemma-3-27b-it_few_shot']",1,8,认同逻辑1,True,认同逻辑1,True,认同逻辑1,True,认同逻辑1,True,"认同逻辑1, 认同逻辑2",True,认同逻辑1,True,认同逻辑1,True,认同逻辑1,True,认同逻辑2,False
219,comment_qingdao_58,comment,胶东机场对市区来说远 我承认 但是那些市区的动不动的就潍坊机场 给潍坊建的机场 怎么的 合着胶州被你们划到潍坊去了呗？,1,"['Qwen3-32B_no_cot', 'Qwen3-32B_few_shot', 'Qwen3-32B_zero_shot', 'Qwen3-235B-A22B_zero_shot', 'gemma-3-27b-it_few_shot']","['Qwen3-235B-A22B_few_shot', 'gemma-3-27b-it_zero_shot', 'gemma-3-27b-it_no_cot', 'Qwen3-235B-A22B_no_cot']",5,4,"认同逻辑1, 认同逻辑2",True,认同逻辑2,False,"认同逻辑1, 认同逻辑2",True,认同逻辑2,False,认同逻辑2,False,"认同逻辑1, 认同逻辑2",True,认同逻辑2,False,认同逻辑2,False,认同逻辑1,True
220,comment_qingdao_63,comment,这个鄙视链是在老一辈那，因为当时青岛交通不发达，只有市南市北住人多，李沧黄岛是农村种地多。,17,['gemma-3-27b-it_zero_shot'],"['Qwen3-235B-A22B_few_shot', 'Qwen3-32B_no_cot', 'Qwen3-32B_few_shot', 'Qwen3-32B_zero_shot', 'gemma-3-27b-it_no_cot', 'Qwen3-235B-A22B_zero_shot', 'gemma-3-27b-it_few_shot', 'Qwen3-235B-A22B_no_cot']",1,8,"认同逻辑1, 认同逻辑7",True,"认同逻辑1, 认同逻辑3",True,,False,"认同逻辑7, 认同逻辑1",True,认同逻辑1,True,"认同逻辑1, 认同逻辑7",True,"认同逻辑1, 认同逻辑3, 认同逻辑7",True,认同逻辑1,True,"认同逻辑1, 认同逻辑7",True
223,comment_qingdao_88,comment,谢谢小姐姐，前几天看到过你这条评论，当时就很有感触，我是土生土长平度人，具体点是平度南村人，高中搬家到一中附近，我一直觉得平度超级好，四季分明，农产品虽赶不上寿光，可是从小过完年爸妈会带我去路边买草莓，五月份去云山过樱桃节，夏天有时吃明村西瓜有时吃东王府庄的人开着三轮车走街串巷卖的西瓜，秋天必定要吃大泽山葡萄，配上八月十五的烧鸡，冬天仁兆白菜和古岘芹菜堆满整个过洞…长大以后走过很多地方才发现平度没有一个大型综合性商超，也没有什么高新产业经济带，甚至现在连财政都岌岌可危，但我还是会想念南村街里的水果摊烧饼铺，想念平度温州路汽修厂的油条，想念小时候妈妈去平度办事绕到帝王给我带回一盒新出的肯德基蛋挞,134,"['Qwen3-235B-A22B_few_shot', 'Qwen3-32B_few_shot', 'gemma-3-27b-it_few_shot', 'Qwen3-235B-A22B_no_cot']","['Qwen3-32B_no_cot', 'gemma-3-27b-it_zero_shot', 'Qwen3-32B_zero_shot', 'gemma-3-27b-it_no_cot', 'Qwen3-235B-A22B_zero_shot']",4,5,"认同逻辑3, 认同逻辑4",False,"认同逻辑1, 认同逻辑3, 认同逻辑5",True,"认同逻辑3, 认同逻辑1, 认同逻辑4",True,"认同逻辑3, 认同逻辑4",False,"认同逻辑1, 认同逻辑3",True,"认同逻辑3, 认同逻辑1, 认同逻辑4",True,"认同逻辑3, 认同逻辑1, 认同逻辑4, 认同逻辑5, 认同逻辑6",True,"认同逻辑3, 认同逻辑4",False,认同逻辑3,False
229,comment_nanjing_1_5,comment,乖乖，住城墙里头的是天龙人吗？讲话都这么吊了，其他都是乡下人哈哈哈,1,['Qwen3-235B-A22B_no_cot'],"['Qwen3-235B-A22B_few_shot', 'Qwen3-32B_no_cot', 'gemma-3-27b-it_zero_shot', 'Qwen3-32B_few_shot', 'Qwen3-32B_zero_shot', 'gemma-3-27b-it_no_cot', 'Qwen3-235B-A22B_zero_shot', 'gemma-3-27b-it_few_shot']",1,8,"认同逻辑1, 认同逻辑4",True,认同逻辑1,True,"认同逻辑6, 认同逻辑1",True,"认同逻辑1, 认同逻辑4",True,"认同逻辑1, 认同逻辑4",True,"认同逻辑1, 认同逻辑6",True,认同逻辑1,True,认同逻辑1,True,认同逻辑4,False
234,reply_nanjing_1_90_1,reply,确实，小时候我们家住城南现在万象城那边他们都觉得瑞金路解放门好远了，就是城墙城南到城墙城东觉得好远啊那时候交通实在不便利,1,"['Qwen3-32B_few_shot', 'Qwen3-235B-A22B_no_cot']","['Qwen3-235B-A22B_few_shot', 'Qwen3-32B_no_cot', 'gemma-3-27b-it_zero_shot', 'Qwen3-32B_zero_shot', 'gemma-3-27b-it_no_cot', 'Qwen3-235B-A22B_zero_shot', 'gemma-3-27b-it_few_shot']",2,7,认同逻辑1,True,认同逻辑1,True,认同逻辑1,True,,False,认同逻辑1,True,认同逻辑1,True,认同逻辑1,True,认同逻辑1,True,认同逻辑3,False
238,reply_nanjing_1_160_4,reply,肯定便利啊 仙林是宇宙的中心,15,"['Qwen3-32B_no_cot', 'Qwen3-32B_few_shot', 'Qwen3-32B_zero_shot', 'gemma-3-27b-it_few_shot']","['Qwen3-235B-A22B_few_shot', 'gemma-3-27b-it_zero_shot', 'gemma-3-27b-it_no_cot', 'Qwen3-235B-A22B_zero_shot', 'Qwen3-235B-A22B_no_cot']",4,5,"认同逻辑5, 认同逻辑1",True,认同逻辑5,False,认同逻辑1,True,认同逻辑5,False,认同逻辑5,False,认同逻辑1,True,"认同逻辑1, 认同逻辑5",True,认同逻辑5,False,"认同逻辑1, 认同逻辑5",True
240,reply_nanjing_1_183_3,reply,行政上栖霞也是主城区，可是栖霞的边缘都到句容了，你能按行政区域划分？本地人从来不看这个,1,['Qwen3-235B-A22B_no_cot'],"['Qwen3-235B-A22B_few_shot', 'Qwen3-32B_no_cot', 'gemma-3-27b-it_zero_shot', 'Qwen3-32B_few_shot', 'Qwen3-32B_zero_shot', 'gemma-3-27b-it_no_cot', 'Qwen3-235B-A22B_zero_shot', 'gemma-3-27b-it_few_shot']",1,8,认同逻辑1,True,认同逻辑1,True,"认同逻辑1, 认同逻辑2",True,认同逻辑1,True,认同逻辑1,True,"认同逻辑1, 认同逻辑2",True,认同逻辑1,True,"认同逻辑2, 认同逻辑1",True,认同逻辑2,False
248,comment_beijing1_1_7,comment,东城：美术馆，北京名胜古迹集中营，以前南锣鼓巷称为中国的“秋叶原” 西城：学霸集中营，除了北京四中没有别的印象，宣武印象都比西城多 海淀：修电脑的，大学集中营，去漫展喽 朝阳：我家，好大 丰台：体育馆 石景山：石景山游乐园，我出生的地方，老山 门头沟：好远…………………… 房山：好远…………………… 通州：我奶奶家，以前叫通县，环球影城，以前落后现在发展特别好 顺义：小汤山？温泉？小学老去那边采摘园？ 昌平：回龙观和天通苑！人口密集居住地！ 大兴：机场可以接受河北信号 怀柔：说话带口音，没去过 平谷：大桃，说话带口音，没去过 密云：水库，说话带口音，没去过 延庆：只在天气预报见过龙庆峡，没去过,1,"['Qwen3-235B-A22B_few_shot', 'gemma-3-27b-it_zero_shot']","['Qwen3-32B_no_cot', 'Qwen3-32B_few_shot', 'Qwen3-32B_zero_shot', 'gemma-3-27b-it_no_cot', 'Qwen3-235B-A22B_zero_shot', 'gemma-3-27b-it_few_shot', 'Qwen3-235B-A22B_no_cot']",2,7,"认同逻辑4, 认同逻辑7",False,认同逻辑1,True,"认同逻辑3, 认同逻辑4",False,"认同逻辑1, 认同逻辑4",True,"认同逻辑1, 认同逻辑3, 认同逻辑4",True,"认同逻辑1, 认同逻辑4",True,"认同逻辑1, 认同逻辑4",True,"认同逻辑1, 认同逻辑4",True,认同逻辑1,True
254,comment_beijing1_1_68,comment,东城：老破小房价高 好多宰游客的景点 西城：老破小房价高 西单 好多宰游客的景点 海淀：老破小房价高 全是学校 什么好玩的都没有 朝阳：潮人and有钱人 好玩的商场挺多 丰台：郊区 小时候舞蹈考级去过 石景山：好远 门头沟：假期去烧烤 房山：好远 通州：好远 顺义：别墅区 八大处 风景不错 昌平：好远 大兴：好远 怀柔：好远 平谷：桃子好吃 密云：水库 或许可以去度假 延庆：好远,15,"['Qwen3-235B-A22B_few_shot', 'Qwen3-32B_no_cot', 'Qwen3-32B_few_shot', 'Qwen3-32B_zero_shot', 'gemma-3-27b-it_few_shot', 'Qwen3-235B-A22B_no_cot']","['gemma-3-27b-it_zero_shot', 'gemma-3-27b-it_no_cot', 'Qwen3-235B-A22B_zero_shot']",6,3,认同逻辑5,False,认同逻辑5,False,"认同逻辑1, 认同逻辑3, 认同逻辑5, 认同逻辑6",True,,False,认同逻辑5,False,认同逻辑1,True,"认同逻辑1, 认同逻辑5",True,认同逻辑5,False,认同逻辑5,False
256,comment_beijing1_1_76,comment,东城：城里人 西城：城里人 海淀：很那个的地方 朝阳：巨大一片 哪都是朝阳 丰台：有什么啊 石景山：钢！(石景山同学说是城中村 门头沟：啊？ 房山：有一片学校 通州：待富 目前只有环球拿得出手 顺义：牛栏山一中 昌平：天通苑 大兴：荟聚 怀柔：有什么啊 平谷：大桃 还有音乐节 密云：水库 延庆：冬奥？,1,['Qwen3-235B-A22B_zero_shot'],"['Qwen3-235B-A22B_few_shot', 'Qwen3-32B_no_cot', 'gemma-3-27b-it_zero_shot', 'Qwen3-32B_few_shot', 'Qwen3-32B_zero_shot', 'gemma-3-27b-it_no_cot', 'gemma-3-27b-it_few_shot', 'Qwen3-235B-A22B_no_cot']",1,8,"认同逻辑1, 认同逻辑7",True,认同逻辑1,True,"认同逻辑1, 认同逻辑5",True,认同逻辑1,True,认同逻辑1,True,认同逻辑1,True,,False,认同逻辑1,True,认同逻辑1,True
257,comment_beijing1_1_88,comment,东城：故宫 南锣鼓巷 西城：景山公园 海淀：卷子好难 初高中折磨我6年 朝阳：老去内头逛 石景山：不太熟就记得学校去内体育馆开过个运动会 丰台：不太熟就记得之前学校里有个住这儿的走读生 门头沟：对象在内块上过学 通州：太爱吹牛逼，，，远离卷毛老太太…… 昌平：超级合生汇 大兴：去机场千万别卡点…… 顺义：别墅 有钱的多 怀柔：慕田峪长城 雁栖湖 平谷：桃好吃！口音好重 密云：水库 南山滑雪场里面的教练好美 房山：周口店猿人遗址 延庆：八达岭长城 动物园,14,"['Qwen3-32B_few_shot', 'Qwen3-32B_zero_shot', 'Qwen3-235B-A22B_zero_shot']","['Qwen3-235B-A22B_few_shot', 'Qwen3-32B_no_cot', 'gemma-3-27b-it_zero_shot', 'gemma-3-27b-it_no_cot', 'gemma-3-27b-it_few_shot', 'Qwen3-235B-A22B_no_cot']",3,6,认同逻辑1,True,认同逻辑1,True,"认同逻辑1, 认同逻辑4, 认同逻辑5, 认同逻辑6, 认同逻辑7",True,,False,,False,认同逻辑1,True,,False,认同逻辑1,True,认同逻辑1,True
259,comment_beijing1_1_137,comment,东城：出生地 西城：学前班以及爷爷奶奶家 富贵之地 朝阳：定居➕身份证号 朝阳人民群众 商务区 使馆区 购物时尚 金融CBD 海淀 各种重点学校➕很多部队的人员居住➕学区房老破小➕IT 丰台：印象中南城外省市的流动人口最多 石景山：对它印象一直停留在石景山游乐园 大兴：水质很差 都是村 房山：口音很重 感觉路途遥远 都是景点 怀柔：周末远郊必去 昌平：上风口 选🪦的风水宝地和延庆一起堪称北京空气质量略好一筹的地区 密云：密云水库 🍑 古北水镇 口音也很重 延庆：除了山就是村 开车还要盘山 房子便宜的你都不认为它是北京！,1234,"['gemma-3-27b-it_zero_shot', 'Qwen3-235B-A22B_zero_shot']","['Qwen3-235B-A22B_few_shot', 'Qwen3-32B_no_cot', 'Qwen3-32B_few_shot', 'Qwen3-32B_zero_shot', 'gemma-3-27b-it_no_cot', 'gemma-3-27b-it_few_shot', 'Qwen3-235B-A22B_no_cot']",2,7,"认同逻辑1, 认同逻辑2, 认同逻辑3, 认同逻辑4, 认同逻辑5, 认同逻辑7",True,认同逻辑1,True,,False,"认同逻辑1, 认同逻辑2, 认同逻辑3, 认同逻辑4, 认同逻辑5, 认同逻辑7",True,"认同逻辑1, 认同逻辑2, 认同逻辑3, 认同逻辑4, 认同逻辑5, 认同逻辑7",True,"认同逻辑1, 认同逻辑2, 认同逻辑3, 认同逻辑4, 认同逻辑5, 认同逻辑6, 认同逻辑7",True,"认同逻辑3, 认同逻辑2, 认同逻辑5, 认同逻辑7, 认同逻辑4",False,"认同逻辑1, 认同逻辑2, 认同逻辑3, 认同逻辑4, 认同逻辑5, 认同逻辑7",True,"认同逻辑1, 认同逻辑2, 认同逻辑3, 认同逻辑4",True
274,comment_beijing3_1_11,comment,大学毕业后一直在朝阳工作，还嫌弃小时候长大的西城“无聊”，有孩子了回到西城，没事自行车去北海公园溜达，看病走路就到，小院里晒个被子，汽车也不用开了，堵车交通管制和我也没关系了，幸福指数直线上升。连周末都不“出城”去朝阳了，纳闷自己怎么能忍受那么些年朝阳的堵和躁,15,"['Qwen3-235B-A22B_few_shot', 'Qwen3-32B_no_cot', 'gemma-3-27b-it_zero_shot', 'Qwen3-32B_few_shot', 'Qwen3-32B_zero_shot']","['gemma-3-27b-it_no_cot', 'Qwen3-235B-A22B_zero_shot', 'gemma-3-27b-it_few_shot', 'Qwen3-235B-A22B_no_cot']",5,4,认同逻辑5,False,认同逻辑5,False,认同逻辑5,False,认同逻辑5,False,认同逻辑5,False,"认同逻辑1, 认同逻辑5",True,"认同逻辑1, 认同逻辑3, 认同逻辑5",True,"认同逻辑1, 认同逻辑5",True,"认同逻辑3, 认同逻辑5, 认同逻辑1",True
281,comment_beijing3_1_194,comment,住在朝阳，社会关系大多在翠微周边，西边的确有点土，但那是低调，不低调也不敢啊！朝阳洋气不老少，但民营经济主导，总被西边看不起，这世界总会有你看不上我，我看不上你的事儿！,146,['Qwen3-235B-A22B_zero_shot'],"['Qwen3-235B-A22B_few_shot', 'Qwen3-32B_no_cot', 'gemma-3-27b-it_zero_shot', 'Qwen3-32B_few_shot', 'Qwen3-32B_zero_shot', 'gemma-3-27b-it_no_cot', 'gemma-3-27b-it_few_shot', 'Qwen3-235B-A22B_no_cot']",1,8,"认同逻辑1, 认同逻辑6, 认同逻辑7",True,认同逻辑1,True,"认同逻辑1, 认同逻辑6",True,"认同逻辑1, 认同逻辑6",True,认同逻辑1,True,"认同逻辑1, 认同逻辑6",True,认同逻辑6,False,"认同逻辑6, 认同逻辑1",True,"认同逻辑1, 认同逻辑5",True
284,comment_beijing3_1_236,comment,我住东二环 我爸妈住东四环 上班在西四环 我每天上班我感觉像出国 再赶上西四环交通管制 （海关排队,1,['Qwen3-235B-A22B_few_shot'],"['Qwen3-32B_no_cot', 'gemma-3-27b-it_zero_shot', 'Qwen3-32B_few_shot', 'Qwen3-32B_zero_shot', 'gemma-3-27b-it_no_cot', 'Qwen3-235B-A22B_zero_shot', 'gemma-3-27b-it_few_shot', 'Qwen3-235B-A22B_no_cot']",1,8,,False,认同逻辑1,True,认同逻辑1,True,认同逻辑1,True,认同逻辑1,True,认同逻辑1,True,认同逻辑1,True,认同逻辑1,True,认同逻辑1,True
287,reply_beijing3_1_317_6,reply,不算吧~最早那边是一大片荒地~小时候去石景山游乐园时下了地铁还要走好远才到~边上只有荒地什么都没有~后来慢慢建了小区~,1,"['Qwen3-32B_few_shot', 'Qwen3-235B-A22B_zero_shot']","['Qwen3-235B-A22B_few_shot', 'Qwen3-32B_no_cot', 'gemma-3-27b-it_zero_shot', 'Qwen3-32B_zero_shot', 'gemma-3-27b-it_no_cot', 'gemma-3-27b-it_few_shot', 'Qwen3-235B-A22B_no_cot']",2,7,认同逻辑1,True,认同逻辑1,True,"认同逻辑1, 认同逻辑3",True,认同逻辑5,False,"认同逻辑1, 认同逻辑5",True,认同逻辑1,True,认同逻辑3,False,认同逻辑1,True,认同逻辑1,True
291,reply_hangzhou_1_1_1_28,reply,正解，老辈区的概念不强的，因为那个时候变化太多，可能他经历了好几次行政区的划分调动，所以基本上本地人只会说自己待的这个地方的地名，比如凤山门望江门四牌楼庆春孩儿巷武林门半道红卖鱼桥古荡三里亭这种，也就是现在的街道（镇）、小区（村）的概念，只有对外地的朋友，他不清楚这些地方的所以才会用区来表述。,1,['Qwen3-32B_no_cot'],"['Qwen3-235B-A22B_few_shot', 'gemma-3-27b-it_zero_shot', 'Qwen3-32B_few_shot', 'Qwen3-32B_zero_shot', 'gemma-3-27b-it_no_cot', 'Qwen3-235B-A22B_zero_shot', 'gemma-3-27b-it_few_shot', 'Qwen3-235B-A22B_no_cot']",1,8,认同逻辑1,True,认同逻辑2,False,认同逻辑1,True,认同逻辑1,True,认同逻辑1,True,"认同逻辑1, 认同逻辑3",True,"认同逻辑1, 认同逻辑2",True,认同逻辑1,True,"认同逻辑1, 认同逻辑2, 认同逻辑3",True
298,reply_hangzhou_1_1_182_1,reply,不一定因为杭州市区的瞧不起周边的又因为杭州政府做的不地道很多区的人都对杭州没有归属感，问你哪里人只是问你你觉得你是哪里人罢了,1,"['gemma-3-27b-it_zero_shot', 'Qwen3-235B-A22B_zero_shot']","['Qwen3-235B-A22B_few_shot', 'Qwen3-32B_no_cot', 'Qwen3-32B_few_shot', 'Qwen3-32B_zero_shot', 'gemma-3-27b-it_no_cot', 'gemma-3-27b-it_few_shot', 'Qwen3-235B-A22B_no_cot']",2,7,认同逻辑1,True,认同逻辑1,True,,False,认同逻辑1,True,"认同逻辑1, 认同逻辑2",True,"认同逻辑1, 认同逻辑6",True,,False,"认同逻辑1, 认同逻辑2",True,认同逻辑1,True
299,comment_hangzhou_1_1_208,comment,我西湖区三墩镇，我都说自己杭州乡下人……跟他们城里人讲的话不一样,14,"['gemma-3-27b-it_zero_shot', 'Qwen3-235B-A22B_no_cot']","['Qwen3-235B-A22B_few_shot', 'Qwen3-32B_no_cot', 'Qwen3-32B_few_shot', 'Qwen3-32B_zero_shot', 'gemma-3-27b-it_no_cot', 'Qwen3-235B-A22B_zero_shot', 'gemma-3-27b-it_few_shot']",2,7,"认同逻辑1, 认同逻辑4",True,"认同逻辑1, 认同逻辑4",True,,False,"认同逻辑1, 认同逻辑4",True,"认同逻辑1, 认同逻辑4",True,"认同逻辑1, 认同逻辑4",True,"认同逻辑1, 认同逻辑4",True,"认同逻辑1, 认同逻辑4",True,认同逻辑4,False
300,comment_hangzhou_1_1_211,comment,会啊，城里的就不太看得起我们这种乡下的，虽然钱还没我们多，像我们西湖区都是乡下地方，讲的都是老余杭的话，跟他们上城下城都是讲杭州话的，还是有点差别，哈哈哈啊,14,['Qwen3-235B-A22B_no_cot'],"['Qwen3-235B-A22B_few_shot', 'Qwen3-32B_no_cot', 'gemma-3-27b-it_zero_shot', 'Qwen3-32B_few_shot', 'Qwen3-32B_zero_shot', 'gemma-3-27b-it_no_cot', 'Qwen3-235B-A22B_zero_shot', 'gemma-3-27b-it_few_shot']",1,8,"认同逻辑1, 认同逻辑4",True,"认同逻辑1, 认同逻辑4",True,"认同逻辑1, 认同逻辑4, 认同逻辑6",True,"认同逻辑1, 认同逻辑4",True,"认同逻辑1, 认同逻辑4",True,"认同逻辑1, 认同逻辑4",True,"认同逻辑1, 认同逻辑4",True,"认同逻辑4, 认同逻辑1",True,认同逻辑4,False
301,reply_hangzhou_1_1_223_7,reply,你同学说错了，西湖区也是乡下，因为我们这讲的都是余杭话，其他几个区讲的都是杭州话,14,"['Qwen3-235B-A22B_few_shot', 'gemma-3-27b-it_zero_shot', 'Qwen3-32B_few_shot', 'Qwen3-32B_zero_shot', 'gemma-3-27b-it_no_cot', 'Qwen3-235B-A22B_zero_shot', 'gemma-3-27b-it_few_shot', 'Qwen3-235B-A22B_no_cot']",['Qwen3-32B_no_cot'],8,1,认同逻辑4,False,"认同逻辑1, 认同逻辑4",True,认同逻辑4,False,认同逻辑4,False,认同逻辑4,False,认同逻辑4,False,认同逻辑4,False,认同逻辑4,False,认同逻辑4,False
305,comment_hangzhou_2_1_166,comment,你都划到萧山了，就把我最顶上的大塘栖也划进去呗，让我也体验体验住在市区是啥体验,1,"['gemma-3-27b-it_zero_shot', 'Qwen3-32B_few_shot', 'Qwen3-32B_zero_shot']","['Qwen3-235B-A22B_few_shot', 'Qwen3-32B_no_cot', 'gemma-3-27b-it_no_cot', 'Qwen3-235B-A22B_zero_shot', 'gemma-3-27b-it_few_shot', 'Qwen3-235B-A22B_no_cot']",3,6,"认同逻辑2, 认同逻辑1",True,认同逻辑1,True,"认同逻辑2, 认同逻辑5",False,认同逻辑2,False,认同逻辑2,False,"认同逻辑1, 认同逻辑2",True,认同逻辑1,True,"认同逻辑1, 认同逻辑5",True,认同逻辑1,True
306,reply_hangzhou_2_1_180_12,reply,杭州人至少要说杭州话，萧山话杭州人都听不懂，硬划进杭州市区，别说杭州人了，问问萧山人干吗？,14,"['Qwen3-235B-A22B_few_shot', 'gemma-3-27b-it_zero_shot', 'Qwen3-32B_few_shot', 'Qwen3-235B-A22B_zero_shot', 'gemma-3-27b-it_few_shot', 'Qwen3-235B-A22B_no_cot']","['Qwen3-32B_no_cot', 'Qwen3-32B_zero_shot', 'gemma-3-27b-it_no_cot']",6,3,"认同逻辑4, 认同逻辑2",False,"认同逻辑1, 认同逻辑2, 认同逻辑4",True,认同逻辑4,False,"认同逻辑2, 认同逻辑4",False,"认同逻辑4, 认同逻辑2, 认同逻辑1",True,"认同逻辑1, 认同逻辑4",True,"认同逻辑4, 认同逻辑2",False,"认同逻辑4, 认同逻辑2",False,认同逻辑4,False
309,reply_gz1_1_52_1,reply,没错，大致就是东山还没并入的越秀区，还有一些后来并入的比如矿泉街道、桂花岗也不算进去,1,"['Qwen3-32B_few_shot', 'Qwen3-32B_zero_shot']","['Qwen3-235B-A22B_few_shot', 'Qwen3-32B_no_cot', 'gemma-3-27b-it_zero_shot', 'gemma-3-27b-it_no_cot', 'Qwen3-235B-A22B_zero_shot', 'gemma-3-27b-it_few_shot', 'Qwen3-235B-A22B_no_cot']",2,7,认同逻辑1,True,认同逻辑1,True,"认同逻辑2, 认同逻辑1",True,认同逻辑2,False,认同逻辑2,False,认同逻辑1,True,"认同逻辑1, 认同逻辑2",True,"认同逻辑2, 认同逻辑1",True,认同逻辑1,True
310,reply_gz1_1_67_1,reply,我小时候一直在河南住，满口番禺顺德乡下口音，乡下仔来的,14,"['Qwen3-235B-A22B_few_shot', 'Qwen3-32B_no_cot', 'gemma-3-27b-it_zero_shot', 'gemma-3-27b-it_no_cot', 'Qwen3-235B-A22B_zero_shot', 'gemma-3-27b-it_few_shot', 'Qwen3-235B-A22B_no_cot']","['Qwen3-32B_few_shot', 'Qwen3-32B_zero_shot']",7,2,认同逻辑4,False,"认同逻辑3, 认同逻辑4",False,认同逻辑4,False,"认同逻辑4, 认同逻辑1",True,"认同逻辑4, 认同逻辑1",True,认同逻辑4,False,"认同逻辑4, 认同逻辑6",False,认同逻辑4,False,"认同逻辑3, 认同逻辑4",False
333,reply_gz2_1_59_1,reply,错了，广州城系西至西门口，东至东山口，北至小北，南至南关，加上西关东山三元里河南四区。大部分有分红的村都唔系广州。,1,['gemma-3-27b-it_zero_shot'],"['Qwen3-235B-A22B_few_shot', 'Qwen3-32B_no_cot', 'Qwen3-32B_few_shot', 'Qwen3-32B_zero_shot', 'gemma-3-27b-it_no_cot', 'Qwen3-235B-A22B_zero_shot', 'gemma-3-27b-it_few_shot', 'Qwen3-235B-A22B_no_cot']",1,8,"认同逻辑1, 认同逻辑6",True,认同逻辑1,True,,False,认同逻辑1,True,"认同逻辑1, 认同逻辑6",True,"认同逻辑1, 认同逻辑6",True,"认同逻辑1, 认同逻辑6",True,"认同逻辑1, 认同逻辑6",True,认同逻辑1,True
334,reply_gz2_1_59_2,reply,边个话你知老广就有分红，有分红都是村镇的，老广是住市区的,1,"['Qwen3-32B_no_cot', 'gemma-3-27b-it_no_cot', 'Qwen3-235B-A22B_zero_shot', 'Qwen3-235B-A22B_no_cot']","['Qwen3-235B-A22B_few_shot', 'gemma-3-27b-it_zero_shot', 'Qwen3-32B_few_shot', 'Qwen3-32B_zero_shot', 'gemma-3-27b-it_few_shot']",4,5,"认同逻辑6, 认同逻辑1",True,认同逻辑6,False,"认同逻辑1, 认同逻辑6",True,"认同逻辑1, 认同逻辑6",True,"认同逻辑1, 认同逻辑6",True,认同逻辑6,False,,False,"认同逻辑6, 认同逻辑1",True,认同逻辑6,False
367,reply_gz2_1_182_1,reply,我都系甘葛情况，我同我老豆都系老西关系广州人但系应该唔系土著,1,"['Qwen3-235B-A22B_few_shot', 'Qwen3-32B_no_cot', 'gemma-3-27b-it_zero_shot', 'Qwen3-32B_zero_shot', 'gemma-3-27b-it_no_cot', 'gemma-3-27b-it_few_shot', 'Qwen3-235B-A22B_no_cot']","['Qwen3-32B_few_shot', 'Qwen3-235B-A22B_zero_shot']",7,2,认同逻辑3,False,认同逻辑3,False,,False,"认同逻辑1, 认同逻辑3",True,"认同逻辑6, 认同逻辑3",False,"认同逻辑3, 认同逻辑4",False,"认同逻辑1, 认同逻辑3",True,认同逻辑3,False,认同逻辑3,False
369,comment_gz2_1_195,comment,籍贯广州，广州村民，清明去白云山上拜，几代祖先都在山上，而不是去公共墓园，家庭所有成员粤语完全不带口音,134,"['Qwen3-235B-A22B_few_shot', 'Qwen3-32B_no_cot', 'gemma-3-27b-it_zero_shot', 'Qwen3-32B_few_shot', 'gemma-3-27b-it_no_cot', 'Qwen3-235B-A22B_zero_shot', 'gemma-3-27b-it_few_shot', 'Qwen3-235B-A22B_no_cot']",['Qwen3-32B_zero_shot'],8,1,"认同逻辑3, 认同逻辑4",False,"认同逻辑3, 认同逻辑4",False,,False,"认同逻辑3, 认同逻辑4",False,"认同逻辑1, 认同逻辑3, 认同逻辑4",True,"认同逻辑3, 认同逻辑4",False,"认同逻辑3, 认同逻辑4",False,"认同逻辑3, 认同逻辑4",False,"认同逻辑3, 认同逻辑4",False
372,comment_gz2_1_221,comment,虽然我家也好几代在这边，也是讲粤语，但是只说我是广州本地人，但不算广州土著，因为我是番禺的,1,"['gemma-3-27b-it_zero_shot', 'gemma-3-27b-it_no_cot']","['Qwen3-235B-A22B_few_shot', 'Qwen3-32B_no_cot', 'Qwen3-32B_few_shot', 'Qwen3-32B_zero_shot', 'Qwen3-235B-A22B_zero_shot', 'gemma-3-27b-it_few_shot', 'Qwen3-235B-A22B_no_cot']",2,7,"认同逻辑1, 认同逻辑3, 认同逻辑4",True,"认同逻辑1, 认同逻辑3, 认同逻辑4",True,,False,"认同逻辑3, 认同逻辑4, 认同逻辑1",True,"认同逻辑1, 认同逻辑3, 认同逻辑4",True,"认同逻辑3, 认同逻辑4",False,"认同逻辑1, 认同逻辑3, 认同逻辑4",True,"认同逻辑1, 认同逻辑3, 认同逻辑4",True,"认同逻辑1, 认同逻辑3, 认同逻辑4",True
376,comment_gz2_1_235,comment,广州本地人一般指老四区世居吧（老越秀、老荔湾、老东山、海珠）吧。因为好像我们这种，至少五代都在广州土生土长，有分红有地，最多都系叫广州客家人。,136,"['gemma-3-27b-it_zero_shot', 'Qwen3-32B_few_shot', 'gemma-3-27b-it_no_cot', 'gemma-3-27b-it_few_shot']","['Qwen3-235B-A22B_few_shot', 'Qwen3-32B_no_cot', 'Qwen3-32B_zero_shot', 'Qwen3-235B-A22B_zero_shot', 'Qwen3-235B-A22B_no_cot']",4,5,"认同逻辑1, 认同逻辑3",True,"认同逻辑1, 认同逻辑3, 认同逻辑6",True,"认同逻辑3, 认同逻辑6",False,"认同逻辑3, 认同逻辑6",False,"认同逻辑1, 认同逻辑3, 认同逻辑6",True,"认同逻辑3, 认同逻辑6",False,"认同逻辑1, 认同逻辑3, 认同逻辑6",True,"认同逻辑3, 认同逻辑6",False,"认同逻辑3, 认同逻辑6, 认同逻辑1",True
392,comment_wuhan1_1_43,comment,住光谷的不敢讲话鄙视链底层,1,"['Qwen3-32B_zero_shot', 'gemma-3-27b-it_few_shot']","['Qwen3-235B-A22B_few_shot', 'Qwen3-32B_no_cot', 'gemma-3-27b-it_zero_shot', 'Qwen3-32B_few_shot', 'gemma-3-27b-it_no_cot', 'Qwen3-235B-A22B_zero_shot', 'Qwen3-235B-A22B_no_cot']",2,7,认同逻辑1,True,认同逻辑1,True,"认同逻辑1, 认同逻辑6",True,认同逻辑1,True,认同逻辑5,False,"认同逻辑1, 认同逻辑6",True,"认同逻辑1, 认同逻辑5, 认同逻辑6",True,认同逻辑6,False,认同逻辑1,True
395,comment_wuhan2_1_39,comment,老武汉的土著莫名优越感，小时候总被瞧不起，搞得自己也觉得乡里人低人一等样的，只要去市内说蔡甸话，就是一种高高在上的眼神和爱买不买别把东西碰脏了的鄙视感。长大后发现，越是穷的老土著越是优越感强。现在武汉市内对我也没多大吸引力了，然后每次去玩也是蔡甸话说到嗨，不在乎别人的眼神。大女儿不会说蔡甸话真是……我没教育好啊然后不在乎别人的看法后，发现在武汉市内的年轻人都挺友好的，也很客气。可能都在成长吧,14,"['gemma-3-27b-it_zero_shot', 'Qwen3-235B-A22B_no_cot']","['Qwen3-235B-A22B_few_shot', 'Qwen3-32B_no_cot', 'Qwen3-32B_few_shot', 'Qwen3-32B_zero_shot', 'gemma-3-27b-it_no_cot', 'Qwen3-235B-A22B_zero_shot', 'gemma-3-27b-it_few_shot']",2,7,"认同逻辑1, 认同逻辑4",True,"认同逻辑1, 认同逻辑3, 认同逻辑4",True,"认同逻辑3, 认同逻辑4",False,"认同逻辑1, 认同逻辑4, 认同逻辑6",True,"认同逻辑1, 认同逻辑4, 认同逻辑6",True,"认同逻辑4, 认同逻辑1",True,"认同逻辑1, 认同逻辑4",True,"认同逻辑3, 认同逻辑4, 认同逻辑1",True,"认同逻辑3, 认同逻辑4, 认同逻辑7",False
396,comment_wuhan2_1_53,comment,评论区的别这样对待黄陂啊，黄陂虽说远，但他现在也好歹是属于武汉的，也就相当于都是一个妈生的，各有各的优势，别瞧不起啊，毕竟地铁七号线以后也是要延长到黄陂的嘛，这样也方便多了，不过我在外面说我是黄陂人，也没见有人瞧不起或者诧异什么的啊,12,"['Qwen3-235B-A22B_few_shot', 'Qwen3-32B_no_cot', 'gemma-3-27b-it_zero_shot', 'Qwen3-32B_few_shot', 'Qwen3-32B_zero_shot', 'gemma-3-27b-it_no_cot', 'Qwen3-235B-A22B_zero_shot', 'gemma-3-27b-it_few_shot']",['Qwen3-235B-A22B_no_cot'],8,1,认同逻辑2,False,认同逻辑2,False,"认同逻辑2, 认同逻辑5",False,认同逻辑2,False,,False,"认同逻辑2, 认同逻辑5",False,"认同逻辑2, 认同逻辑5",False,认同逻辑2,False,"认同逻辑2, 认同逻辑5, 认同逻辑1",True
397,comment_wuhan2_1_60,comment,我新洲的，基本不认为自己是武汉人，感觉武汉人也不太看得起我们，我平时都是说行政区划上算武汉人,1,"['Qwen3-32B_no_cot', 'gemma-3-27b-it_zero_shot', 'Qwen3-32B_few_shot', 'Qwen3-32B_zero_shot', 'gemma-3-27b-it_no_cot', 'gemma-3-27b-it_few_shot', 'Qwen3-235B-A22B_no_cot']","['Qwen3-235B-A22B_few_shot', 'Qwen3-235B-A22B_zero_shot']",7,2,"认同逻辑2, 认同逻辑1",True,认同逻辑2,False,认同逻辑2,False,认同逻辑2,False,,False,认同逻辑2,False,"认同逻辑1, 认同逻辑2",True,"认同逻辑2, 认同逻辑6",False,认同逻辑2,False
398,reply_wuhan2_1_71_2,reply,嗯嗯，谢谢你让我对现在的堤角有了更深的了解……让我想起了老武汉对于汉口区域的定义有句顺口溜“上有古田，下有肉联”（肉联就是现在的堤角）……可能我去堤角总是泛泛而去吧而自己住在古田，当然觉得这里交通便利，繁华方便哟，毕竟这几年宜家和山姆的打造让古田人气更足啦些，希望这两地齐头并进越来越好,15,['Qwen3-235B-A22B_zero_shot'],"['Qwen3-235B-A22B_few_shot', 'Qwen3-32B_no_cot', 'gemma-3-27b-it_zero_shot', 'Qwen3-32B_few_shot', 'Qwen3-32B_zero_shot', 'gemma-3-27b-it_no_cot', 'gemma-3-27b-it_few_shot', 'Qwen3-235B-A22B_no_cot']",1,8,"认同逻辑1, 认同逻辑5",True,认同逻辑1,True,"认同逻辑1, 认同逻辑5",True,"认同逻辑1, 认同逻辑5",True,"认同逻辑1, 认同逻辑5",True,"认同逻辑1, 认同逻辑5",True,,False,"认同逻辑1, 认同逻辑5",True,"认同逻辑1, 认同逻辑5",True
400,comment_wuhan2_1_79,comment,家里人是武钢的，记得小时候，一些武昌的亲戚一边羡慕我家人的“铁饭碗”一边嘲笑我是乡里伢。,17,"['Qwen3-32B_no_cot', 'gemma-3-27b-it_zero_shot', 'gemma-3-27b-it_no_cot', 'Qwen3-235B-A22B_no_cot']","['Qwen3-235B-A22B_few_shot', 'Qwen3-32B_few_shot', 'Qwen3-32B_zero_shot', 'Qwen3-235B-A22B_zero_shot', 'gemma-3-27b-it_few_shot']",4,5,"认同逻辑1, 认同逻辑7",True,认同逻辑6,False,,False,"认同逻辑7, 认同逻辑1",True,"认同逻辑1, 认同逻辑4",True,"认同逻辑7, 认同逻辑3",False,"认同逻辑1, 认同逻辑3",True,"认同逻辑7, 认同逻辑1",True,认同逻辑3,False
412,reply_xm2_1_3_29,reply,经济特区一开始只有湖里的一小部分好像，当时厦门岛还分4个区，经济特区扩大到全岛，后来建设海湾型城市，把集美，海沧，同安，翔安，并到厦门市，就把岛内的鼓浪屿区和开元区合并到思明区了。所以并不是有些人说的什么“集美同安为什么就不是厦门”“你们是在优越什么”，而是人家集美就有自己的名字，那么多年人家就是集美人，灌口人，这样的由来。海湾型城市之后就是岛内外6个区了。,1,"['Qwen3-235B-A22B_few_shot', 'gemma-3-27b-it_zero_shot', 'Qwen3-32B_few_shot']","['Qwen3-32B_no_cot', 'Qwen3-32B_zero_shot', 'gemma-3-27b-it_no_cot', 'Qwen3-235B-A22B_zero_shot', 'gemma-3-27b-it_few_shot', 'Qwen3-235B-A22B_no_cot']",3,6,认同逻辑2,False,"认同逻辑1, 认同逻辑2",True,"认同逻辑2, 认同逻辑3, 认同逻辑4",False,认同逻辑2,False,"认同逻辑1, 认同逻辑2",True,"认同逻辑1, 认同逻辑2",True,"认同逻辑1, 认同逻辑2",True,"认同逻辑2, 认同逻辑1",True,"认同逻辑2, 认同逻辑1",True
414,comment_xm2_1_20,comment,我小时候 只有这个区域我们理解为厦门，其他我们称之为岛外。但随着现在资源拓宽厦门理解的更广了。,1,['gemma-3-27b-it_zero_shot'],"['Qwen3-235B-A22B_few_shot', 'Qwen3-32B_no_cot', 'Qwen3-32B_few_shot', 'Qwen3-32B_zero_shot', 'gemma-3-27b-it_no_cot', 'Qwen3-235B-A22B_zero_shot', 'gemma-3-27b-it_few_shot', 'Qwen3-235B-A22B_no_cot']",1,8,认同逻辑1,True,认同逻辑1,True,,False,认同逻辑1,True,认同逻辑1,True,认同逻辑1,True,认同逻辑1,True,认同逻辑1,True,认同逻辑1,True
420,comment_nanning1_1_6,comment,东盟商务区那边大多是新南宁人吧，我和我小学初中同学们在青秀区土生土长从小到大没觉得有啥区别。反而是高中后有部分乡镇来这边买房定居或读书的同学优越感爆棚，不懂他们在牛什么,13,"['Qwen3-32B_few_shot', 'Qwen3-235B-A22B_no_cot']","['Qwen3-235B-A22B_few_shot', 'Qwen3-32B_no_cot', 'gemma-3-27b-it_zero_shot', 'Qwen3-32B_zero_shot', 'gemma-3-27b-it_no_cot', 'Qwen3-235B-A22B_zero_shot', 'gemma-3-27b-it_few_shot']",2,7,"认同逻辑1, 认同逻辑3, 认同逻辑4",True,"认同逻辑1, 认同逻辑3",True,"认同逻辑1, 认同逻辑3",True,"认同逻辑3, 认同逻辑6",False,"认同逻辑1, 认同逻辑3",True,"认同逻辑3, 认同逻辑1",True,"认同逻辑1, 认同逻辑3, 认同逻辑6",True,"认同逻辑1, 认同逻辑3, 认同逻辑6",True,认同逻辑3,False
421,reply_nanning1_1_6_2,reply,青秀区以前不就是大农村吗小时候在埌西，西乡塘的同学都觉得我家穷，后面一几年到东盟商务区买房，也是几千块一平而已,1,"['Qwen3-235B-A22B_few_shot', 'Qwen3-32B_no_cot', 'Qwen3-32B_few_shot', 'gemma-3-27b-it_few_shot']","['gemma-3-27b-it_zero_shot', 'Qwen3-32B_zero_shot', 'gemma-3-27b-it_no_cot', 'Qwen3-235B-A22B_zero_shot', 'Qwen3-235B-A22B_no_cot']",4,5,"认同逻辑5, 认同逻辑6",False,认同逻辑6,False,"认同逻辑1, 认同逻辑5, 认同逻辑6",True,"认同逻辑5, 认同逻辑6",False,认同逻辑1,True,"认同逻辑1, 认同逻辑6",True,"认同逻辑1, 认同逻辑2, 认同逻辑3, 认同逻辑5, 认同逻辑6",True,认同逻辑6,False,"认同逻辑3, 认同逻辑1, 认同逻辑5, 认同逻辑6",True
426,comment_nanning1_1_49,comment,别搞青秀区全区，我寻思着小时候住星湖路的从来没说过别的地方破，毕竟我们自己的房子也挺破。,1,"['Qwen3-32B_no_cot', 'gemma-3-27b-it_zero_shot', 'Qwen3-32B_zero_shot', 'Qwen3-235B-A22B_no_cot']","['Qwen3-235B-A22B_few_shot', 'Qwen3-32B_few_shot', 'gemma-3-27b-it_no_cot', 'Qwen3-235B-A22B_zero_shot', 'gemma-3-27b-it_few_shot']",4,5,认同逻辑1,True,认同逻辑5,False,,False,"认同逻辑1, 认同逻辑3",True,"认同逻辑5, 认同逻辑6",False,"认同逻辑3, 认同逻辑1",True,"认同逻辑3, 认同逻辑1, 认同逻辑6",True,认同逻辑1,True,认同逻辑3,False
429,reply_nanning1_1_97_11,reply,早期南宁各类资本大佬聚会碰头也是在朝阳的 那时候南宁不大的 以朝阳为圆心 以前的老万国酒楼就是那些大老板谈生意地方喽,1,['gemma-3-27b-it_zero_shot'],"['Qwen3-235B-A22B_few_shot', 'Qwen3-32B_no_cot', 'Qwen3-32B_few_shot', 'Qwen3-32B_zero_shot', 'gemma-3-27b-it_no_cot', 'Qwen3-235B-A22B_zero_shot', 'gemma-3-27b-it_few_shot', 'Qwen3-235B-A22B_no_cot']",1,8,"认同逻辑1, 认同逻辑7",True,认同逻辑1,True,,False,认同逻辑1,True,认同逻辑1,True,认同逻辑1,True,"认同逻辑1, 认同逻辑3, 认同逻辑6, 认同逻辑7",True,认同逻辑1,True,认同逻辑1,True
431,comment_nanning1_1_165,comment,不是，我也南宁人，但不是青秀区的，出来10年了那里的人装逼成这样了吗青秀区是什么了不起的地方吗？房价多少啊？,1,"['Qwen3-235B-A22B_zero_shot', 'Qwen3-235B-A22B_no_cot']","['Qwen3-235B-A22B_few_shot', 'Qwen3-32B_no_cot', 'gemma-3-27b-it_zero_shot', 'Qwen3-32B_few_shot', 'Qwen3-32B_zero_shot', 'gemma-3-27b-it_no_cot', 'gemma-3-27b-it_few_shot']",2,7,认同逻辑1,True,认同逻辑1,True,认同逻辑1,True,"认同逻辑1, 认同逻辑5",True,"认同逻辑1, 认同逻辑6",True,认同逻辑1,True,,False,认同逻辑1,True,"认同逻辑2, 认同逻辑5",False
434,reply_nanning2_1_12_1,reply,土著对老城区的执念是比较深的毕竟是从小到大生活学习的地方。虽然我五象这套房就在南宁大桥头，一过桥就可以回到青秀，但还是不习惯通勤习惯了5分钟就到，这里要提前20分钟起床，好难啊哈哈哈,15,"['Qwen3-235B-A22B_few_shot', 'gemma-3-27b-it_zero_shot', 'Qwen3-32B_few_shot', 'Qwen3-32B_zero_shot', 'gemma-3-27b-it_few_shot', 'Qwen3-235B-A22B_no_cot']","['Qwen3-32B_no_cot', 'gemma-3-27b-it_no_cot', 'Qwen3-235B-A22B_zero_shot']",6,3,"认同逻辑3, 认同逻辑5",False,认同逻辑1,True,,False,"认同逻辑3, 认同逻辑5",False,"认同逻辑3, 认同逻辑5",False,"认同逻辑1, 认同逻辑3",True,"认同逻辑3, 认同逻辑1",True,"认同逻辑3, 认同逻辑5",False,认同逻辑3,False
463,comment_chongqing_1_229,comment,我爸因为50年前因为工作原因从渝中区换到九龙坡区 因为有套房所以户口也就转到在九龙坡了 ，那时候没得房价更值钱的概念 上班要坐绿皮火车太折腾了…… 早知道就死守渝中区哟,1,"['gemma-3-27b-it_zero_shot', 'Qwen3-235B-A22B_no_cot']","['Qwen3-235B-A22B_few_shot', 'Qwen3-32B_no_cot', 'Qwen3-32B_few_shot', 'Qwen3-32B_zero_shot', 'gemma-3-27b-it_no_cot', 'Qwen3-235B-A22B_zero_shot', 'gemma-3-27b-it_few_shot']",2,7,"认同逻辑2, 认同逻辑3, 认同逻辑1",True,"认同逻辑1, 认同逻辑6",True,"认同逻辑3, 认同逻辑5",False,"认同逻辑1, 认同逻辑2",True,"认同逻辑1, 认同逻辑6",True,"认同逻辑1, 认同逻辑2, 认同逻辑3",True,"认同逻辑1, 认同逻辑2, 认同逻辑5, 认同逻辑6",True,"认同逻辑1, 认同逻辑2",True,认同逻辑3,False
471,reply_changsha1_1_47_3,reply,哈哈哈，二环的乡里别给你点赞,1,['gemma-3-27b-it_zero_shot'],"['Qwen3-235B-A22B_few_shot', 'Qwen3-32B_no_cot', 'Qwen3-32B_few_shot', 'Qwen3-32B_zero_shot', 'gemma-3-27b-it_no_cot', 'Qwen3-235B-A22B_zero_shot', 'gemma-3-27b-it_few_shot', 'Qwen3-235B-A22B_no_cot']",1,8,认同逻辑1,True,认同逻辑1,True,,False,"认同逻辑1, 认同逻辑4",True,认同逻辑1,True,认同逻辑1,True,认同逻辑1,True,认同逻辑1,True,认同逻辑1,True
474,comment_changsha1_1_75,comment,哪有那么多原因，就是习惯了啊，家在亲戚朋友也在，上班也在。另外，南到南二环是不可能的，顶多到劳动路。,16,['gemma-3-27b-it_zero_shot'],"['Qwen3-235B-A22B_few_shot', 'Qwen3-32B_no_cot', 'Qwen3-32B_few_shot', 'Qwen3-32B_zero_shot', 'gemma-3-27b-it_no_cot', 'Qwen3-235B-A22B_zero_shot', 'gemma-3-27b-it_few_shot', 'Qwen3-235B-A22B_no_cot']",1,8,"认同逻辑1, 认同逻辑6",True,认同逻辑1,True,,False,"认同逻辑1, 认同逻辑6",True,认同逻辑1,True,"认同逻辑1, 认同逻辑3",True,认同逻辑1,True,"认同逻辑1, 认同逻辑6",True,"认同逻辑1, 认同逻辑3",True
479,comment_changsha2_1_49,comment,小时候住南门口，大一点住八角亭，然后去了捞刀河，接着又住到暮云，最后住到了梅溪湖，变成了xlb 哈哈哈哈哈哈,1,"['Qwen3-32B_few_shot', 'Qwen3-32B_zero_shot', 'Qwen3-235B-A22B_zero_shot', 'Qwen3-235B-A22B_no_cot']","['Qwen3-235B-A22B_few_shot', 'Qwen3-32B_no_cot', 'gemma-3-27b-it_zero_shot', 'gemma-3-27b-it_no_cot', 'gemma-3-27b-it_few_shot']",4,5,认同逻辑1,True,认同逻辑1,True,认同逻辑1,True,认同逻辑3,False,认同逻辑3,False,"认同逻辑1, 认同逻辑3",True,"认同逻辑3, 认同逻辑4, 认同逻辑5",False,认同逻辑1,True,认同逻辑3,False
480,comment_changsha2_1_50,comment,哈是乡里别，哪有城里人,1,"['Qwen3-32B_no_cot', 'gemma-3-27b-it_zero_shot', 'Qwen3-235B-A22B_no_cot']","['Qwen3-235B-A22B_few_shot', 'Qwen3-32B_few_shot', 'Qwen3-32B_zero_shot', 'gemma-3-27b-it_no_cot', 'Qwen3-235B-A22B_zero_shot', 'gemma-3-27b-it_few_shot']",3,6,认同逻辑1,True,认同逻辑4,False,"认同逻辑3, 认同逻辑4",False,"认同逻辑7, 认同逻辑1",True,认同逻辑1,True,"认同逻辑1, 认同逻辑4",True,认同逻辑1,True,认同逻辑1,True,认同逻辑4,False
481,comment_changsha2_1_63,comment,我在五一广场 有个同事不知道我们经理就是那个月亮岛那里的，然后他就说乡里别 然后我们经理就说那里已经属于是开发区了，不属于是乡里了，然后我同事还没理解意思，一直在吐槽那里不好不好，结果我们经理就背后面针对他，懂得都懂,12,"['Qwen3-235B-A22B_few_shot', 'Qwen3-32B_zero_shot', 'Qwen3-235B-A22B_no_cot']","['Qwen3-32B_no_cot', 'gemma-3-27b-it_zero_shot', 'Qwen3-32B_few_shot', 'gemma-3-27b-it_no_cot', 'Qwen3-235B-A22B_zero_shot', 'gemma-3-27b-it_few_shot']",3,6,认同逻辑2,False,认同逻辑1,True,认同逻辑1,True,"认同逻辑1, 认同逻辑2",True,认同逻辑2,False,"认同逻辑1, 认同逻辑2",True,"认同逻辑1, 认同逻辑2, 认同逻辑5",True,"认同逻辑1, 认同逻辑2",True,认同逻辑2,False
